15 40 16: 
random_bins=5,1.1,ONE best-fit-decreasing
40 60 50 
60 90 
90 30 30 
40 100 
20 50 40 40 
80 30 30 
80 70 
70 
80 70 
80 50 20 
80 60 
40 70 30 
50 70 30 
40 20 90 
60 20 70 
100 
 Average 16.0 
gap_less_than=5,average,1.1,ONE best-fit-decreasing
70 60 20 
60 90 
90 30 30 
40 30 70 
80 60 
80 30 30 
80 70 
90 40 20 
70 80 
80 50 20 
100 40 
40 50 60 
100 
20 50 40 40 
70 
50 70 30 
 Average 16.0 
highest_filled=4,0.995,ONE best-fit-decreasing
40 60 50 
60 90 
90 30 30 
20 50 40 40 
80 70 
90 40 20 
80 70 
80 50 20 
50 70 30 
70 60 20 
40 30 80 
30 30 70 
100 40 
60 
100 
70 80 
 Average 16.0 
highest_filled=4,1.0,ALL best-fit-decreasing
40 60 50 
60 90 
90 30 30 
20 50 40 40 
80 70 
90 40 20 
80 70 
80 50 20 
50 70 30 
70 60 20 
100 40 
70 80 
100 40 
80 70 
60 30 30 30 
 Average 15.0 
lowest_filled=4,0.995,ONE best-fit-decreasing
30 70 30 
80 30 40 
40 100 
80 60 
40 60 50 
60 90 
90 30 30 
20 50 40 40 
80 70 
90 40 20 
80 70 
80 50 20 
50 70 30 
70 60 20 
100 
70 
 Average 16.0 
lowest_filled=4,1.0,ALL best-fit-decreasing
40 100 
80 60 
40 60 50 
60 90 
90 30 30 
20 50 40 40 
80 70 
90 40 20 
80 70 
80 50 20 
50 70 30 
70 60 20 
100 40 
80 70 
70 30 30 
30 
 Average 16.0 
num_of_pieces=6,3,0.997,ONE best-fit-decreasing
40 60 50 
60 90 
90 30 30 
40 30 80 
20 50 40 40 
30 30 
80 70 
90 40 20 
80 70 
80 50 20 
50 70 30 
70 60 20 
40 100 
80 60 
70 70 
100 
 Average 16.0 
Average for all: 3.7 
15 40 16: 
random_bins=5,1.1,ALL best-fit-decreasing
40 60 50 
40 100 
90 30 30 
40 30 70 
20 50 40 40 
80 30 30 
80 60 
90 40 20 
80 70 
80 50 20 
50 70 30 
100 20 
90 60 
80 70 
70 70 
60 
 Average 16.0 
gap_less_than=5,average,1.1,ALL best-fit-decreasing
40 60 50 
60 90 
50 70 30 
40 30 70 
80 60 
80 30 30 
40 100 
70 60 20 
80 70 
100 50 
70 80 
90 50 
90 40 20 
80 70 
40 40 30 30 
20 20 
 Average 16.0 
highest_filled=4,0.995,ALL best-fit-decreasing
40 60 50 
60 90 
90 30 30 
20 50 40 40 
80 70 
90 40 20 
80 70 
80 50 20 
50 70 30 
70 60 20 
100 40 
70 80 
100 40 
80 70 
60 30 30 30 
 Average 15.0 
highest_filled=4,1.0,ALL best-fit-decreasing
40 60 50 
60 90 
90 30 30 
20 50 40 40 
80 70 
90 40 20 
80 70 
80 50 20 
50 70 30 
70 60 20 
100 40 
70 80 
100 40 
80 70 
60 30 30 30 
 Average 15.0 
lowest_filled=4,0.995,ALL best-fit-decreasing
40 100 
80 60 
40 60 50 
60 90 
90 30 30 
20 50 40 40 
80 70 
90 40 20 
80 70 
80 50 20 
50 70 30 
70 60 20 
100 40 
80 70 
70 30 30 
30 
 Average 16.0 
lowest_filled=4,1.0,ALL best-fit-decreasing
40 100 
80 60 
40 60 50 
60 90 
90 30 30 
20 50 40 40 
80 70 
90 40 20 
80 70 
80 50 20 
50 70 30 
70 60 20 
100 40 
80 70 
70 30 30 
30 
 Average 16.0 
num_of_pieces=6,3,0.997,ALL best-fit-decreasing
40 60 50 
60 90 
90 30 30 
20 50 40 40 
80 70 
90 40 20 
80 70 
80 50 20 
50 70 30 
70 60 20 
40 100 
80 60 
70 80 
100 40 
70 30 30 
30 
 Average 16.0 
Average for all: 3.6666666666666665 
